κud
κs
π
K
ηss
ρ
K∗
φ
N
Λ
Σ
Ξ
∆
Σ∗
Ξ∗
Ω
0.13700
0.13640
0.32242(65)
0.015
0.36269(61)
0.016
0.39947(58)
0.017
0.5060(30)
0.043
0.5314(23)
0.088
0.5560(17)
0.124
0.7277(22)
0.077
0.7557(23)
0.115
0.7606(20)
0.072
0.7859(25)
0.139
0.8290(42)
0.046
0.8537(35)
0.037
0.8788(30)
0.036
0.9038(29)
0.050
0.13727
0.13640
0.26191(73)
0.008
0.32785(74)
0.015
0.38380(74)
0.015
0.4566(36)
0.229
0.4954(32)
0.068
0.5325(28)
0.015
0.6487(56)
0.027
0.6913(45)
0.029
0.7039(51)
0.030
0.7399(43)
0.035
0.7694(84)
0.022
0.8039(74)
0.010
0.8395(67)
0.005
0.8754(61)
0.003
0.13754
0.13640
0.18903(79)
0.002
0.29190(67)
0.002
0.36870(71)
0.000
0.4108(31)
0.017
0.4665(23)
0.007
0.5156(21)
0.002
0.5584(53)
0.358
0.6208(36)
0.089
0.6437(39)
0.041
0.6910(30)
0.028
0.6956(66)
0.102
0.7464(43)
0.022
0.7964(41)
0.005
0.8456(37)
0.009
0.13754
0.13660
0.17671(129)
0.001
0.26729(110)
0.001
0.33490(93)
0.002
0.3963(53)
0.090
0.4428(37)
0.014
0.4849(26)
0.007
0.5331(71)
0.014
0.5857(42)
0.015
0.6052(48)
0.091
0.6474(32)
0.020
0.6731(86)
0.038
0.7149(74)
0.036
0.7579(60)
0.035
0.8001(49)
0.032
0.13770
0.13640
0.13593(140)
0.001
0.27282(103)
0.001
0.36289(103)
0.001
0.3895(94)
0.005
0.4525(35)
0.003
0.5105(26)
0.001
0.5025(87)
0.171
0.5764(65)
0.018
0.6044(71)
0.043
0.6655(46)
0.010
0.6438(90)
0.860
0.7097(67)
0.179
0.7740(58)
0.022
0.8342(52)
0.015
0.13781
0.13640
0.07162(299)
0.004
0.25454(97)
0.025
0.35306(82)
0.016
0.3503(315)
0.418
0.4316(47)
0.092
0.4949(15)
0.026
0.4285(360)
1.138
0.5240(95)
0.154
0.5601(99)
1.377
0.6405(31)
0.008
0.5798(378)
0.421
0.6885(140)
0.031
0.7549(67)
0.255
0.8142(34)
0.206
